-------------------------------------Initial Results store 285--------------------------------------------------

---------ARIMA----------------------------
RMSE: 1013.3227540605695
MAE: 781.2296529296751
MAPE: 13.779019781918834

---------Linear Regression----------------
RMSE: 1021.2159815973857
MAE: 785.0369669461577
MAPE: 13.722365452532378

---------Random Forest Regressor----------
RMSE: 1075.3131902904636
MAE: 867.2175925925927
MAPE: 20.87308900726142

----------LSTM----------------------------
RMSE: 991.3964191101203
MAE: 783.7444438061683
MAPE: 13.99117110696956




